56

2
	Tag36h11.14
	-1.925362835383117e+000 8.604871638620472e-001 3.425668828827154e-001 -3.095751336309699e+002 -9.441205011995637e+002 1.462286445182584e+003 
	5.444703829804579e+002 4.422479427224621e+002 5.859142566310502e+002 3.975826203864770e+002 5.382990347840307e+002 3.681385939464902e+002 5.000556357846020e+002 4.084718893478133e+002 
	Tag36h11.3
	2.564696375438575e+000 -9.256801189923420e-001 3.794315117818444e-001 2.707640078832930e+001 -1.594326400915103e+002 2.322665570810527e+003 
	5.626277435141668e+001 8.150429825356559e+001 9.289905952746810e+001 5.281157762573254e+001 5.870590989868887e+001 1.248872694057161e+001 2.029528248179160e+001 4.187019062156978e+001 
2
	Tag36h11.0
	2.505949109119544e+000 4.866485507626601e-001 6.966955134759477e-001 -1.587544374472979e+003 -1.990720433425501e+002 1.323504343345398e+003 
	5.490776390572585e+002 8.657970059902411e+001 5.775879910716008e+002 1.039227438835076e+002 6.093205325886229e+002 5.835871006016887e+001 5.815702461972149e+002 3.788157077187010e+001 
	Tag36h11.14
	-2.068128895015770e+000 1.428924726501492e-001 -6.561192082209840e-001 -2.196506423793866e+002 -1.010381082635238e+003 1.188566659879863e+003 
	3.666080279739599e+001 4.367483570209178e+002 1.120634562041720e+002 4.366505878025959e+002 1.060915033771757e+002 3.838479699301631e+002 3.719972884819018e+001 3.808965344853183e+002 
2
	Tag36h11.3
	2.971132546409841e+000 7.384977747415960e-001 4.494631622427787e-001 4.149742334225196e+002 -1.625365158816003e+002 2.068085009023342e+003 
	4.622021303355161e+001 8.311141690947972e+001 9.483716012247838e+001 1.094503797230399e+002 1.179870125656404e+002 6.634046611328198e+001 7.010381574269610e+001 3.889006246252578e+001 
	Tag36h11.0
	2.848078512395428e+000 7.098036394090812e-001 6.506332402551982e-001 -1.418377669423930e+003 1.120854436686152e+002 9.742823962717657e+002 
	5.419429211897465e+002 4.226227809074262e+002 5.793540774884027e+002 4.399014912010883e+002 6.071914461927778e+002 3.887701412535701e+002 5.711212114826824e+002 3.686953472964432e+002 
2
	Tag36h11.4
	1.478430099519498e+000 -1.381729533462770e+000 -5.601441258091925e-001 1.064978426155428e+003 -3.302270173454531e+000 1.061088777214156e+003 
	1.284709484539287e+002 8.635455088510916e+001 1.305393784274792e+002 3.465281768744051e+001 5.315938318102177e+001 4.112816570811741e+001 5.899457639761214e+001 9.387296987550528e+001 
	Tag36h11.0
	-2.665719925037271e+000 5.470339466311770e-001 -5.237972684650254e-001 -1.151972740553468e+003 2.040941075736429e+002 1.331951035158790e+003 
	5.565426259972213e+002 4.109433321096962e+002 5.966081553516394e+002 3.865880624910574e+002 5.637628080104261e+002 3.351228566503419e+002 5.233347345398627e+002 3.563865615965166e+002 
3
	Tag36h11.3
	2.696294323872452e+000 3.671749222262216e-001 -2.074373639462195e-001 1.095115995022472e+003 3.969657250317273e+002 2.920819746925879e+003 
	2.012854232088644e+002 5.518102523053106e+001 2.305127536005278e+002 6.176530059701557e+001 2.367913471474706e+002 2.883501926881952e+001 2.067840048341722e+002 2.229248664640668e+001 
	Tag36h11.0
	2.943960610410703e+000 3.823584433105733e-001 -1.640685234024940e-001 -4.735111891956226e+002 -1.167468608224361e+002 1.803894984048559e+003 
	5.123762426760960e+002 1.758546989176765e+002 5.663450189188289e+002 1.891871810010871e+002 5.844973862899479e+002 1.363047190484197e+002 5.293838341825580e+002 1.232049458140189e+002 
	Tag36h11.14
	-1.756961009263653e+000 -3.330176267880461e-001 -2.039547876954516e-002 9.408294543237012e+002 -1.498966921726894e+003 1.209126683221328e+003 
	4.684576665770858e+001 4.395310161593279e+002 9.187539691437186e+001 4.563276075139719e+002 1.197720386816970e+002 4.291458073806709e+002 7.800765627814583e+001 4.142451374912142e+002 
3
	Tag36h11.18
	2.510492301836020e+000 7.451516932243686e-001 8.299859835254596e-001 -1.957525789605860e+003 -4.792318024822903e+002 3.185289917682942e+003 
	3.446329981040159e+002 4.561930015577983e+001 3.619941388621434e+002 6.051623344687218e+001 3.778122346154312e+002 3.921437408547133e+001 3.608003673253126e+002 2.350757823560238e+001 
	Tag36h11.3
	-2.534608652946488e+000 -1.072899715313553e+000 1.256764716096743e+000 1.376060854472818e+003 -3.670164729529014e+002 2.122790602031775e+003 
	5.399482364314558e+002 1.998590924799294e+002 5.675071756638006e+002 2.197662228140965e+002 5.979907470849930e+002 1.877657051255017e+002 5.684614240426797e+002 1.692446272913156e+002 
	Tag36h11.14
	-1.222083540670588e+000 -1.237707284952853e+000 1.352823956243552e-001 1.133009851452324e+003 -7.218913702536358e+002 1.095785927303809e+003 
	4.968501752378045e+001 4.086907093538879e+002 4.846471804039407e+001 4.590355866938699e+002 1.085624718405647e+002 4.671098807601231e+002 1.046411373660177e+002 4.195340050594423e+002 
3
	Tag36h11.18
	2.551767677953684e+000 -6.746742795266571e-002 1.727763796921977e+000 -2.546524468440002e+003 -4.350392492746160e+002 2.783780467446642e+003 
	4.613158477549972e+001 1.418816677177119e+002 7.083483531018356e+001 1.433492652859811e+002 7.101694548069882e+001 1.186646776477456e+002 4.629732566036386e+001 1.158882926553529e+002 
	Tag36h11.3
	2.606668227816884e+000 2.147776222441302e-001 -1.072194280737745e+000 1.884040729216559e+003 4.766214533913745e+002 1.608205774803249e+003 
	2.633045657795869e+002 1.680940203294796e+002 2.879779531005911e+002 1.703425171585803e+002 2.908758573035553e+002 1.346796269984229e+002 2.653786305689612e+002 1.341279478627587e+002 
	Tag36h11.0
	2.892016157151081e+000 1.981427992571012e-001 -9.851737229658097e-001 2.711551475519368e+002 1.059091549997400e+002 9.643167477574914e+002 
	4.785132862132966e+002 2.947312244483460e+002 5.775166243518970e+002 3.166581797483577e+002 5.933486788949244e+002 2.139143873456517e+002 4.906588921053108e+002 2.023856145279123e+002 
4
	Tag36h11.5
	-2.496307360078479e+000 3.653018430418510e-001 -1.298657964581208e+000 -1.530490991690278e+003 -1.016424924780143e+003 9.812463555081375e+002 
	2.458156955435437e+002 6.343266922112179e+001 2.769291004587570e+002 7.115112074066165e+001 2.620361656689747e+002 3.202724080917496e+001 2.302530410192034e+002 2.143960312645393e+001 
	Tag36h11.0
	-2.910659867533169e+000 6.168619969210577e-001 8.839611065136891e-001 3.471385977638211e+002 2.263633795330020e+002 9.728749562637428e+002 
	4.901210937809033e+002 4.431857750784708e+002 5.832055745760340e+002 4.244500742679106e+002 5.398876269343964e+002 3.268291093485788e+002 4.529322199952139e+002 3.536461869897962e+002 
	Tag36h11.3
	2.790624526855287e+000 -5.875453388981669e-001 -1.049101673745094e+000 2.023717182316575e+003 3.513401528119217e+002 1.626826342005359e+003 
	2.615547659070661e+002 3.856808806785432e+002 2.843966896372567e+002 3.774877197209079e+002 2.725609806418037e+002 3.440750089633679e+002 2.502303546730423e+002 3.537804447111468e+002 
	Tag36h11.18
	-2.297661046958646e+000 4.171916165541541e-001 -1.111607828970854e+000 -1.751791540106495e+003 -1.021320431572989e+003 3.722748619334999e+003 
	5.390074637383949e+001 4.540295249101184e+002 7.840003838747661e+001 4.441031850143523e+002 7.100628874335204e+001 4.201864997514270e+002 4.667617162519345e+001 4.290226885662301e+002 
2
	Tag36h11.18
	-2.700418823854651e+000 -2.516406882895861e-001 -1.317623030087807e+000 -1.365228628609672e+003 -2.578040878768591e+002 2.301379288264076e+003 
	9.313177474778763e+001 2.794955067598145e+002 1.276971043573909e+002 2.844317390037951e+002 1.336996645755688e+002 2.497933931008853e+002 9.992878163263178e+001 2.430080210317288e+002 
	Tag36h11.3
	-2.691666492590747e+000 -5.286252823879398e-002 1.173313597561691e+000 6.685034865186917e+002 -1.644900600180063e+002 1.322770409916328e+003 
	4.879834853782539e+002 3.220243144894068e+002 5.531639350068813e+002 3.268309810794705e+002 5.556608056405709e+002 2.588309345130444e+002 4.915658637296261e+002 2.600271395452141e+002 
2
	Tag36h11.4
	-1.608194473380452e-001 2.939665155167658e+000 7.006440690098928e-001 4.159910840448382e+002 -5.437048059410031e+002 1.316736560111995e+003 
	5.799685987320380e+002 1.942647154973536e+002 5.089373189917536e+002 1.853894987717255e+002 4.942424296144773e+002 2.455884004594653e+002 5.612144102518308e+002 2.545985808491105e+002 
	Tag36h11.19
	2.130225797745132e+000 -1.894856812551352e+000 -7.507234578689019e-001 1.022773625948373e+003 -1.067900238294718e+003 1.194258178935011e+003 
	9.751538836689844e+001 3.156842177734409e+002 9.106634064338553e+001 2.713400996961475e+002 4.283747349644398e+001 2.636316196454620e+002 5.147277585453062e+001 3.074684358438570e+002 
3
	Tag36h11.19
	-1.909254735806473e+000 1.537779183006334e+000 1.662797462667387e+000 8.206589081440422e+002 -1.081536371053005e+003 1.417261320543013e+003 
	5.452535354611977e+002 1.144763747230227e+002 5.492006157957518e+002 6.353114297645513e+001 5.047232723658323e+002 5.016030461887932e+001 5.034582441499665e+002 9.870296786143481e+001 
	Tag36h11.17
	2.491752134857581e+000 1.608323539710317e+000 9.088353348986118e-001 -5.568551685233945e+002 -2.589090174329527e+002 2.757299985147574e+003 
	1.208312390157594e+002 1.091991271553274e+002 1.366721618902478e+002 1.418404984948834e+002 1.690726715579758e+002 1.269673282506661e+002 1.545379890713207e+002 9.443073589850201e+001 
	Tag36h11.13
	-2.138775113992711e+000 -9.898637451079747e-001 8.310690684197299e-001 2.102236193803411e+003 -1.848197138835545e+002 2.917634650162745e+003 
	2.819621650523527e+002 4.329096392005136e+002 2.952900999274032e+002 4.520674593596523e+002 3.179935028577136e+002 4.350329551629013e+002 3.039928540626354e+002 4.167647843328842e+002 
2
	Tag36h11.19
	-1.493375258031153e+000 2.176006205434145e+000 1.374243246322449e+000 4.319913840618442e+002 -6.143233742959085e+002 1.174166888742005e+003 
	5.785267564484523e+002 1.374760067707982e+002 5.524448169931961e+002 6.918771691001967e+001 4.832755220462132e+002 9.085033581293817e+001 5.098078155595214e+002 1.517668103476131e+002 
	Tag36h11.17
	-2.411871198370763e+000 -1.112942173641514e+000 -6.901211658913040e-001 -4.459101453485845e+002 -2.028653236546213e+002 2.149166979904052e+003 
	4.199817348063409e+001 3.871343091692436e+002 7.559128507124804e+001 4.216341979005712e+002 1.132817427999995e+002 3.854930128664423e+002 8.211658477688796e+001 3.517517098945127e+002 
2
	Tag36h11.13
	2.714288951400303e+000 -7.312632034225823e-001 -1.143406723277283e+000 8.379538747993900e+002 -5.356070482791003e+001 2.543046985342606e+003 
	5.636647205896305e+002 1.697352719386772e+002 5.998412222863648e+002 1.506253903128979e+002 5.796793491782386e+002 1.164118110365082e+002 5.446924904383143e+002 1.370735054500875e+002 
	Tag36h11.17
	-2.594623123139435e+000 5.817411616102038e-001 -1.034302351637887e+000 -4.654863661934313e+002 -1.625711872284820e+002 1.325504852191685e+003 
	7.059249452279209e+001 4.035162740534817e+002 1.389408207022071e+002 3.704628144702352e+002 1.094504243196694e+002 3.076317486321165e+002 3.933316010635464e+001 3.339917705949528e+002 
3
	Tag36h11.19
	-6.150878277147992e-001 2.160973740198072e+000 1.217722515741195e+000 -3.322532989352581e+002 -1.077260037087749e+003 1.369862001898012e+003 
	5.518260216098868e+002 5.450108311615508e+001 5.015460329821797e+002 2.215145589676440e+001 4.791729504096998e+002 6.724793130501878e+001 5.242367568867101e+002 9.788428747111443e+001 
	Tag36h11.2
	-2.530236845647702e+000 -1.029933335369335e+000 2.784246379464508e-001 1.866342318306508e+003 4.107218196692963e+001 2.524481436035022e+003 
	6.134131002551250e+001 2.277244381291837e+002 8.124423813744818e+001 2.470032606296187e+002 1.086366742972023e+002 2.273286182889841e+002 8.853458806426235e+001 2.087046326925330e+002 
	Tag36h11.17
	-2.427464727945351e+000 -9.281896119934749e-001 2.907977797270238e-001 4.496021114067490e+002 -3.533483399424487e+002 2.472092498607325e+003 
	2.803210658706954e+002 4.340109936843711e+002 3.089857785803138e+002 4.620337101871562e+002 3.349315931851320e+002 4.315682462835836e+002 3.063660856765583e+002 4.051153405004962e+002 
2
	Tag36h11.15
	-2.486100596769645e+000 -2.802511305317057e-001 -8.202625597302773e-001 -1.693075398938405e+003 -1.103297091933982e+003 7.386636957516523e+002 
	5.753170228001793e+002 2.348864397473726e+002 5.981657421658866e+002 2.417402181854545e+002 5.923248036615265e+002 2.047207569660946e+002 5.704847604588127e+002 1.963870159987099e+002 
	Tag36h11.0
	-2.746858896104264e+000 -1.157267055022920e-001 -8.205226034917283e-001 -2.292013065378599e+002 -2.635170305177578e+002 1.178764299202044e+003 
	5.739593320420622e+001 3.028965450881173e+002 1.446315195068603e+002 3.103809327924580e+002 1.512690035181789e+002 2.342515779957919e+002 6.829268788110137e+001 2.209276919399159e+002 
3
	Tag36h11.5
	-1.852079378126495e+000 -7.046089638044250e-001 -2.283603884679925e+000 -2.315485571612981e+003 -1.263884406790735e+003 8.961041160901789e+002 
	5.547922443846458e+001 1.319856157134453e+002 6.487057894520379e+001 1.514516200100866e+002 7.815729841306735e+001 1.271735811955878e+002 7.004129800535550e+001 1.065831633577905e+002 
	Tag36h11.15
	-2.645029780504092e+000 -3.070277277465723e-001 -2.573253035592228e-001 -1.380059278413732e+003 -7.546875956444859e+002 1.706348162807497e+003 
	5.818116420670292e+002 3.680318409751999e+002 6.245274342330529e+002 3.779735828083706e+002 6.213971818476946e+002 3.354341702452837e+002 5.802708890304720e+002 3.253648355241424e+002 
	Tag36h11.0
	-2.715587880439434e+000 -3.081451115178907e-001 -3.397492852703089e-002 8.084100320309035e+002 -1.601931162791806e+002 1.846207898839366e+003 
	1.765989648423879e+001 3.804507938408776e+002 6.998082760518292e+001 3.921066593894462e+002 9.038337628414176e+001 3.415704132635249e+002 3.996911474974114e+001 3.304308395763975e+002 
4
	Tag36h11.15
	-2.355632120394549e+000 -5.093122067292174e-001 -1.602497762175174e+000 -9.095741839681409e+002 -8.220243221338174e+002 1.178949491663684e+003 
	4.986581107232185e+001 1.195919271739865e+002 9.482090209243782e+001 1.535577337456962e+002 1.138551219694786e+002 1.054539453755132e+002 7.294017978504645e+001 6.846699234298463e+001 
	Tag36h11.8
	-1.926883599014394e+000 -1.585656179247470e-001 1.064053013643778e+000 1.449413153488204e+003 -1.460022207110594e+003 8.032290453227070e+002 
	3.840473494554790e+002 2.904292368087101e+002 4.064007650904014e+002 2.927984718508302e+002 4.092967229813000e+002 2.708983345302978e+002 3.881940245363992e+002 2.701724103457578e+002 
	Tag36h11.10
	-2.516985661468741e+000 -1.143073440974720e-001 5.425773176505653e-001 1.860476805790613e+003 -8.717212038576253e+002 1.883722514261137e+003 
	1.264113180031495e+002 3.234891339850018e+002 1.529888308863113e+002 3.271795665276696e+002 1.632218485772060e+002 2.945132573745044e+002 1.372677720086526e+002 2.918557799985398e+002 
	Tag36h11.1
	-2.716569548641119e+000 -1.481756173229686e-001 4.748729508343472e-001 -1.127651719098674e+001 -3.129260773243130e+002 2.185503627916063e+003 
	4.917256414225190e+002 4.056858583939491e+002 5.413616165820480e+002 4.121341811051922e+002 5.429097828754246e+002 3.645678965605534e+002 4.946482420307746e+002 3.596597365069808e+002 
4
	Tag36h11.15
	-2.871895823908398e+000 -8.202762228518541e-001 -5.345016510965124e-001 3.861573137703342e+002 -4.821802345232237e+002 2.099798685892245e+003 
	5.485326371744620e+001 7.623728356885511e+001 9.960068789071629e+001 1.053865258732344e+002 1.267517993489446e+002 6.795273790105628e+001 8.353501603160677e+001 3.830963230730136e+001 
	Tag36h11.7
	-2.856657727585685e+000 -7.847864816066144e-001 -6.389240050627845e-001 -1.387737091099205e+003 -9.579040141552974e+002 2.331474072662417e+003 
	4.036337668713913e+002 2.195036207244294e+002 4.279102206007765e+002 2.365301674315041e+002 4.414721774913413e+002 2.098056572046378e+002 4.178284203519713e+002 1.923809615463988e+002 
	Tag36h11.11
	-2.791308921899772e+000 -7.819050323841971e-001 -5.034509852310896e-001 -2.857944878854464e+002 -4.127151727865281e+002 3.046757904972338e+003 
	1.709827194894936e+002 2.624182115216030e+002 1.980154415276854e+002 2.783867944405041e+002 2.141649016715244e+002 2.522661088151165e+002 1.878135827363599e+002 2.361503206800513e+002 
	Tag36h11.1
	-2.129088048038276e+000 -3.495443589412191e-001 1.456532711922222e+000 9.048792486088323e+002 -2.187403341910255e+002 8.167487612269138e+002 
	4.701679080582353e+002 4.354405525857759e+002 5.265859019007403e+002 4.598021746146081e+002 5.592246562727994e+002 3.763846186886802e+002 5.010382170626301e+002 3.637161775076877e+002 
3
	Tag36h11.7
	-2.562074205010527e+000 -7.747519437458394e-001 -8.472585789421229e-001 -1.014243140851839e+003 -1.079537862466167e+003 6.727395966517461e+002 
	5.498478067708236e+002 1.780815288790413e+002 5.821960886717236e+002 2.170166138823506e+002 5.933952227741164e+002 1.742740000018325e+002 5.634734436015194e+002 1.350464571980326e+002 
	Tag36h11.11
	-2.599330679097208e+000 -8.389359936851203e-001 -6.970873244799914e-001 -8.630847216732997e+001 -3.418516557434183e+002 1.434578094297371e+003 
	5.090816982413352e+001 2.446981525420414e+002 1.111358052514342e+002 2.865690386225277e+002 1.509929136875225e+002 2.342765870875881e+002 9.575896325258533e+001 1.923745640256211e+002 
	Tag36h11.10
	-2.167257170931560e+000 -2.134877986212127e-001 1.215332422168282e+000 1.058259723612694e+003 -3.883791174955255e+002 5.989749711048168e+002 
	2.851436246909388e+002 3.662699401656345e+002 3.263477725477696e+002 3.680886274708346e+002 3.586864394010123e+002 3.010209412309367e+002 3.164504565205153e+002 3.061625081697212e+002 
3
	Tag36h11.12
	1.984640780327041e+000 9.096849702863716e-001 1.977980819127143e+000 -8.725827631834803e+002 -1.913601758473358e+002 5.030751684210010e+002 
	4.285666609941534e+001 1.517353595499769e+002 8.130871820280177e+001 1.920166835034968e+002 1.413761369409234e+002 1.230433419724003e+002 1.162646345955048e+002 7.215825417252684e+001 
	Tag36h11.11
	-2.712770650170485e+000 -8.427844844397604e-001 -5.112750418677335e-003 5.905328068946831e+001 -3.306587064671877e+002 1.366731416957117e+003 
	2.791693359693572e+002 2.826403434179453e+002 3.344691853619694e+002 3.204415404357277e+002 3.700397762071718e+002 2.666755579947902e+002 3.162623146603547e+002 2.307053478560314e+002 
	Tag36h11.10
	-1.779169726294680e+000 -2.801202984410461e-001 1.801996091713542e+000 1.033843552625026e+003 -2.954245670654130e+002 4.271495848144521e+002 
	5.175596750466705e+002 4.086686442803218e+002 5.596836781448122e+002 4.114665142493493e+002 6.014217259791002e+002 3.270742294431495e+002 5.546865126473194e+002 3.366032121295580e+002 
3
	Tag36h11.7
	-2.334235306284890e+000 -4.329934287680383e-001 -1.282852023568993e+000 -9.483467566076295e+002 -1.017600328182611e+003 7.439098993939651e+002 
	2.725573934930129e+002 1.542471227683888e+002 3.083349985498008e+002 1.872553047919818e+002 3.136630622890573e+002 1.453811894552339e+002 2.804764070049181e+002 1.107773348989854e+002 
	Tag36h11.8
	-2.453996192696137e+000 1.051978289469294e-001 7.062163090722059e-001 8.129676215974496e+001 -1.136854711301996e+003 2.129447655946033e+003 
	5.796023331074900e+002 3.027911946714674e+002 6.274159698732112e+002 2.940971803010478e+002 6.186272713417254e+002 2.553718270205447e+002 5.731240611415212e+002 2.650276186940416e+002 
	Tag36h11.10
	-2.461696854397440e+000 9.814909802119175e-002 9.332781081262936e-001 1.081240410464428e+003 -2.360103458406331e+002 4.280435504330979e+002 
	1.271837067725791e+001 4.051486470068343e+002 5.812326706457411e+001 3.975005730487920e+002 8.733596065284490e+001 3.134561889811306e+002 4.196881477451506e+001 3.289185048463469e+002 
3
	Tag36h11.7
	-1.934042951760828e+000 -5.998713781972992e-001 -1.882614064998870e+000 -9.182755241207499e+002 -1.051426976577567e+003 7.403077688983489e+002 
	2.498796757193899e+001 7.563450330870926e+001 5.737664080125745e+001 1.270853610771190e+002 7.743626706424513e+001 8.336645894782971e+001 4.961052043323012e+001 3.088568459485472e+001 
	Tag36h11.8
	-2.678724366155473e+000 -8.970631519123454e-002 -1.217526320193906e-001 -1.539119570414926e+002 -8.484844903740680e+002 2.296403952182470e+003 
	2.909775675193592e+002 3.133420696688953e+002 3.303392163419859e+002 3.148243894230971e+002 3.330640516164960e+002 2.801975636964395e+002 2.949156920963174e+002 2.785431258613752e+002 
	Tag36h11.9
	-1.822051830540203e+000 5.138517305372948e-001 1.989439253667909e+000 1.001416936476433e+003 -3.191759537769659e+002 3.527433307768382e+002 
	5.558449928334700e+002 4.315663563423177e+002 5.866869957760192e+002 4.047179876180891e+002 5.675025839360069e+002 3.069584533165913e+002 5.414852334983629e+002 3.446804959638896e+002 
3
	Tag36h11.8
	-2.649013047758896e+000 -1.643067632892452e-001 -6.629264244783031e-001 7.939937726305391e+001 -1.140059319881288e+003 2.372884327644055e+003 
	2.537180054522870e+001 2.019081062948993e+002 6.963104965535412e+001 2.114816069406750e+002 7.730747795478325e+001 1.776695936169682e+002 3.460249151232135e+001 1.673177032423334e+002 
	Tag36h11.9
	-2.491504590142700e+000 3.169629842940692e-001 1.416767229519885e+000 1.212323950991460e+003 -3.582377626449520e+002 6.664550563109664e+002 
	2.861534603256170e+002 3.238491536889442e+002 3.174778562901154e+002 3.045259999738110e+002 3.166731715612742e+002 2.387864112637452e+002 2.862918303601763e+002 2.634826463226024e+002 
	Tag36h11.1
	-2.719502057063876e+000 -5.617954406791294e-002 -7.198450424879276e-001 -1.012234796742986e+003 -1.869792664219262e+002 7.425956488561461e+002 
	5.417054955435577e+002 3.542400600398631e+002 5.970470909664492e+002 3.608973726733631e+002 5.782453168103624e+002 2.844236998225304e+002 5.239864801624061e+002 2.727211605841702e+002 
3
	Tag36h11.15
	-2.636193065911070e+000 3.138888099953028e-002 7.359410855721803e-001 1.038068171788212e+003 -6.595757983112035e+002 5.429938527115331e+002 
	2.991364535012228e+001 1.580872922291487e+002 8.086945977930606e+001 1.385069922776629e+002 1.025209554042626e+002 7.260323613988473e+001 5.262386419608426e+001 9.559960875304006e+001 
	Tag36h11.11
	-2.618853886115707e+000 6.768108796722927e-002 7.617508471349271e-001 2.590022092488429e+002 -3.383894335751351e+002 1.546924079715725e+003 
	5.176211012724389e+002 3.857688610343269e+002 5.875229340731129e+002 3.840707239546768e+002 5.795338588606273e+002 3.188478293681914e+002 5.131856060952835e+002 3.241734445541382e+002 
	Tag36h11.12
	-2.380309057018118e+000 -4.116185204602679e-001 -1.360915281466837e+000 -1.018272245660680e+003 -2.843555876445901e+002 6.331605072814398e+002 
	2.832502781993472e+002 3.986722398490892e+002 3.245980066645554e+002 4.126096614192200e+002 3.297475113608809e+002 3.394043647640000e+002 2.917654973929149e+002 3.181636831969768e+002 
3
	Tag36h11.5
	-2.466650856016620e+000 -4.933650681072094e-001 -1.816727545618215e+000 -2.487020609006752e+003 -7.146371992593649e+002 1.953003834752411e+003 
	1.301979265977001e+002 1.922589721256061e+002 1.510400661883653e+002 2.041485142154796e+002 1.586605695097474e+002 1.813918689122755e+002 1.385397430203236e+002 1.681988297962550e+002 
	Tag36h11.15
	-2.638003847697737e+000 -8.060361391870823e-002 7.650376084362731e-001 2.221712138874688e+002 -5.743348548382515e+002 1.346711958724011e+003 
	5.142073899198912e+002 2.712754023881837e+002 5.888474185536034e+002 2.693880280624554e+002 5.883075768731734e+002 2.047994176330139e+002 5.168192886890165e+002 2.106584863126931e+002 
	Tag36h11.0
	-2.761205617011146e+000 -1.628031901245132e-001 8.187111935759781e-001 2.172143377368717e+003 2.738533792425405e+002 1.400476348494738e+003 
	3.396701901310112e+001 3.939161108744046e+002 5.722852597895619e+001 3.973873448445777e+002 7.151182170518540e+001 3.550964528363121e+002 4.798486867606650e+001 3.532668107776566e+002 
5
	Tag36h11.19
	1.814096574532203e+000 -8.934283913446274e-001 -8.816264844736574e-001 2.466482387102821e+003 -1.901655635365335e+002 1.287785575913786e+003 
	9.539368371572007e+001 9.457127857106086e+001 1.012878764364328e+002 7.676711999290120e+001 6.401246091914574e+001 6.049512374583667e+001 6.030273784829657e+001 7.975768182204266e+001 
	Tag36h11.4
	7.519008675031140e-001 -2.322022371245109e+000 -1.698396519300571e+000 1.179103662504445e+003 -2.053941948557810e+003 1.354903675709723e+003 
	3.895058420086127e+002 1.489817677148622e+002 3.620913825917718e+002 1.358518502108695e+002 3.435710944031832e+002 1.497931409665140e+002 3.699830327567530e+002 1.618415253887483e+002 
	Tag36h11.5
	-2.657973665598885e+000 -2.597856375475757e-001 -8.597330475647786e-001 -2.050577017601291e+003 -1.338214926634430e+003 1.184497452028260e+003 
	5.321674120517553e+002 1.652612635298579e+002 5.559275516297014e+002 1.756384367820699e+002 5.553127855963255e+002 1.486145035639142e+002 5.321691646999526e+002 1.373300575763340e+002 
	Tag36h11.0
	-2.238674872393663e+000 1.123238127596109e-001 1.406846029320076e+000 1.123906102366379e+003 -5.697765590529957e+002 1.394834225578312e+003 
	5.545148820858278e+002 3.862628037384590e+002 6.018271387699331e+002 3.813033134512796e+002 5.987554817159323e+002 3.233921833351827e+002 5.538106284428471e+002 3.326301642299184e+002 
	Tag36h11.18
	-2.281710812725548e+000 -3.223950523394345e-001 -8.887811408791490e-001 -2.706634469101603e+003 -1.803700277984483e+003 2.862069774038474e+003 
	3.190528881036906e+002 4.069531925019300e+002 3.359846478808544e+002 4.101548919378170e+002 3.377692606348876e+002 3.911451508256525e+002 3.213765328390550e+002 3.875474824221078e+002 
4
	Tag36h11.4
	2.329228683958519e-001 -2.336227605996510e+000 -1.898374281736728e+000 9.705665225967096e+002 -1.558200978971899e+003 7.315046184495905e+002 
	5.459321477795064e+002 1.244153254999664e+002 5.022029824836386e+002 1.181391589809436e+002 4.802791823347457e+002 1.393867753789444e+002 5.206432249963973e+002 1.445920307927137e+002 
	Tag36h11.19
	1.509305478505906e+000 -1.138867702981540e+000 -9.305559692615230e-001 2.079529901225881e+003 -1.362170561212955e+002 8.294815355067344e+002 
	1.730659477062361e+002 1.500078953393839e+002 1.700926037585084e+002 1.320009909517410e+002 1.257493084943831e+002 1.256237393217365e+002 1.324366250463185e+002 1.445804603866363e+002 
	Tag36h11.13
	-2.382719255337330e+000 1.460387816197294e-002 -3.016783163367817e-001 8.875247506080846e+002 -1.992945464566508e+003 3.760315903324758e+003 
	4.589495518044596e+001 3.884588813429056e+002 7.020602474072150e+001 3.903016133466545e+002 7.400455366861371e+001 3.665738364556196e+002 5.048157953508694e+001 3.646205549080206e+002 
	Tag36h11.18
	-2.108116998194212e+000 -2.068537992469737e-001 -1.571082715458829e-003 -1.195411041250320e+003 -2.713335870512313e+003 2.694325055016337e+003 
	5.124972326317923e+002 4.126670050030994e+002 5.338467219717840e+002 4.133967188007835e+002 5.320837790212136e+002 3.909508417516899e+002 5.117165544529801e+002 3.901930689062035e+002 
4
	Tag36h11.19
	6.070530254775127e-001 -1.948215630425263e+000 -1.332524568847073e+000 2.054998547454922e+003 -4.083318972558559e+002 9.432543882943369e+002 
	5.606695508211255e+002 3.729075097126130e+001 5.432055624711560e+002 2.355343659942404e+001 5.015214783193673e+002 4.945046077964130e+001 5.208626952920889e+002 6.093302723887065e+001 
	Tag36h11.13
	2.554982435737294e+000 -5.627378885193671e-001 -1.677103109586092e+000 2.640859751143708e+003 3.744648936964192e+002 3.017310113954035e+003 
	5.936598675061572e+002 3.153458891305627e+002 6.168999998087471e+002 3.095429994330187e+002 6.082822315510837e+002 2.864430928648649e+002 5.855557439193628e+002 2.932852498072701e+002 
	Tag36h11.17
	-2.481945424216939e+000 1.739604300728520e-001 -5.187206857190916e-001 -1.465086701666462e+003 -1.099237311242185e+003 2.670350264820703e+003 
	3.500350531577965e+002 3.640347064625506e+002 3.723554823265114e+002 3.596132445017872e+002 3.647028503959021e+002 3.290362818866288e+002 3.429802980514599e+002 3.326724361221103e+002 
	Tag36h11.2
	-2.592749201501415e+000 1.987789958547853e-001 -9.512231233429230e-001 -5.022130836811097e+002 -2.433869651146873e+002 2.175422688359816e+003 
	2.573512752447854e+001 4.422397817824530e+002 7.793536545141924e+001 4.307222501252681e+002 7.210109075514727e+001 3.828657350804944e+002 2.096012438563821e+001 3.913055125459479e+002 
3
	Tag36h11.17
	-2.834602880562177e+000 9.171249819446379e-001 6.602413566937915e-001 -1.863458438688800e+002 -3.134811142534867e+002 2.170765579043185e+003 
	5.616694734823667e+002 1.450311857802797e+002 6.047610840707678e+002 1.136778934888461e+002 5.740745860700155e+002 7.696986852260410e+001 5.327422896600837e+002 1.089276766281644e+002 
	Tag36h11.2
	-2.803962878747728e+000 9.019212852992927e-001 8.477151254480286e-001 1.606808065973914e+003 -3.233974959060802e+002 1.973669465553835e+003 
	2.738240720438823e+002 3.586378635592120e+002 2.983910790829225e+002 3.410157209709643e+002 2.802773202083536e+002 3.098585257275998e+002 2.566801683371299e+002 3.282542283413770e+002 
	Tag36h11.16
	2.965780238126662e+000 -7.489656160183392e-001 -3.655100499211229e-001 3.173427505660967e+003 2.460231840606189e+002 3.260444429568354e+003 
	6.082320053055774e+001 4.338154187534697e+002 7.412539465679258e+001 4.230423501980545e+002 6.413924446270551e+001 3.982307651120557e+002 5.090638904917574e+001 4.092492134494809e+002 
2
	Tag36h11.16
	-2.830628295465696e+000 3.141668368709655e-002 5.009031205225487e-001 1.824986140716512e+003 -6.280060555266230e+002 1.768425421922197e+003 
	5.387990721506990e+001 2.536898339973105e+002 8.413158347380320e+001 2.485619509343557e+002 9.210238845253865e+001 2.096097902147205e+002 6.220453713957376e+001 2.154897341010749e+002 
	Tag36h11.2
	-2.721711723577487e+000 1.080132792244622e-001 5.964810773648738e-001 4.573609630443360e+001 -4.062975374437717e+002 1.451882997407409e+003 
	5.089915647200326e+002 3.103653297398158e+002 5.816658974453351e+002 3.037970743128541e+002 5.703099566872621e+002 2.388892958179042e+002 5.011885251279327e+002 2.481835177791027e+002 
3
	Tag36h11.8
	-2.336139165104185e+000 -5.140715970106853e-001 -5.150044856756110e-001 1.119218951357972e+003 -2.725520916015258e+003 3.263724684069804e+003 
	3.608255536484433e+001 1.451088324704998e+002 5.572681231547532e+001 1.575991366985939e+002 6.850891665143870e+001 1.414441938292989e+002 4.958677106209238e+001 1.292608345464067e+002 
	Tag36h11.1
	-2.665376142822230e+000 -7.153861457862870e-001 -6.490374734210288e-001 -1.758547373035847e+002 -5.141899244904557e+002 3.028946436744737e+003 
	7.641920463961043e+001 2.795426518946273e+002 1.068584167028850e+002 2.956400238557711e+002 1.248581640156651e+002 2.680324689626166e+002 9.553711825212614e+001 2.517457284409107e+002 
	Tag36h11.16
	-2.359633452695199e+000 -2.138565957820899e-001 1.491840426356548e+000 1.779018104651600e+003 -3.058306738477741e+002 2.319799072499880e+003 
	5.685990309297089e+002 3.909424000559077e+002 6.001202567624139e+002 3.939767232601051e+002 6.113918077266632e+002 3.575691934421542e+002 5.794655256254605e+002 3.565567705658793e+002 
3
	Tag36h11.1
	2.585185408667792e+000 9.897842718796714e-001 9.133940157137916e-001 -4.276493446050195e+002 3.049435081724755e+002 3.975683081148502e+003 
	6.978403696380166e+000 5.111914891454995e+001 3.216865081008017e+001 7.122667093074271e+001 5.019956800894600e+001 5.082276838186996e+001 2.559703829096094e+001 3.006369942840465e+001 
	Tag36h11.16
	-2.268466319283700e+000 -6.646845053556059e-001 7.470753425578746e-001 2.110923738267979e+003 -1.797269342610186e+003 2.294400568182620e+003 
	3.625399010670341e+002 2.304520806602960e+002 3.787599001797624e+002 2.374471977564143e+002 3.943453039378302e+002 2.173670985433147e+002 3.780888624269279e+002 2.111136311607919e+002 
	Tag36h11.2
	-2.387347887077944e+000 -7.188727608200933e-001 1.051979149739863e+000 8.330307807744083e+002 -5.209142044039036e+002 2.372679150635214e+003 
	5.659351981795949e+002 4.194966666900318e+002 6.056851213996200e+002 4.429704717038148e+002 6.280928485596012e+002 4.062193797137830e+002 5.876085573312870e+002 3.851663447950435e+002 
3
	Tag36h11.15
	-2.716244821859061e+000 -9.163505983660150e-002 -1.240062249175998e+000 -9.889429792608634e+002 -7.403810205316759e+002 1.825532505371992e+003 
	1.039632496000965e+002 1.489465869441312e+002 1.462054100995911e+002 1.587371926334762e+002 1.490772787734621e+002 1.167495012258274e+002 1.076865410251766e+002 1.044087612188877e+002 
	Tag36h11.1
	2.947166004754870e+000 -1.051356234794466e-001 -9.198230021467637e-001 4.968331929380133e+002 1.986252156959121e+002 2.346085569799043e+003 
	5.283937470487667e+002 2.745989400850464e+002 5.715878965785778e+002 2.730206003089885e+002 5.698951061662676e+002 2.295823235392886e+002 5.266237223786978e+002 2.330097925654212e+002 
	Tag36h11.10
	-2.800785067441767e+000 -3.912557674178208e-002 1.366380950509734e+000 2.603286602912149e+003 3.896546160155815e+000 1.568333017446837e+003 
	2.465245482876535e+002 2.570624113630635e+002 2.645258509976466e+002 2.565343523140096e+002 2.665011999610711e+002 2.288613520226812e+002 2.483644534452802e+002 2.307616327878754e+002 
4
	Tag36h11.0
	-2.889877286912824e+000 -1.016761784677108e+000 -5.207978995312151e-001 4.406169980217042e+002 -1.122163434524073e+002 2.401300520299491e+003 
	3.043691656119804e+001 1.035813156394653e+002 6.827690855016715e+001 1.329182814105152e+002 9.672251256079804e+001 1.005928249397990e+002 5.999801176410998e+001 7.081504961684925e+001 
	Tag36h11.15
	-2.854257916214622e+000 -1.038536984767728e+000 -4.933556259388504e-001 -1.414581349732812e+003 -6.685968832111034e+002 2.487194126644299e+003 
	4.214459911316606e+002 2.915527707993970e+002 4.427451370455920e+002 3.109576072115490e+002 4.614220784821165e+002 2.852451559446334e+002 4.406477425578934e+002 2.656179459412227e+002 
	Tag36h11.7
	-2.537680410995089e+000 -1.066390700406114e+000 -7.931119107575231e-001 -2.606698031232480e+003 -1.813295447035284e+003 1.645189104667471e+003 
	5.802192576296794e+002 3.620257518450858e+002 5.935144180175746e+002 3.749689554999126e+002 6.058840821963505e+002 3.554306172966302e+002 5.932804836327022e+002 3.423771962021963e+002 
	Tag36h11.10
	2.541693344540582e+000 6.618852535768470e-001 -1.654220469330409e+000 2.377059735910061e+003 1.632154349551482e+003 2.757505226315162e+003 
	4.656702784088720e+002 4.118747602524351e+002 4.802064810247941e+002 4.218969931075366e+002 4.950112721111554e+002 4.015287993392900e+002 4.796168072848747e+002 3.920463606361915e+002 
3
	Tag36h11.3
	-2.785820312462250e+000 -1.027437884075389e+000 1.703472839645120e-001 2.518572423724643e+003 -2.831471165779840e+001 3.342432815196081e+003 
	5.278939431389699e+001 9.979437785135745e+001 7.062660446552269e+001 1.144024687787878e+002 8.854862666644893e+001 9.706439406358358e+001 7.066643752269388e+001 8.266181513221719e+001 
	Tag36h11.0
	-2.643316345182115e+000 -9.223659214711310e-001 -3.089412869967973e-002 7.207711225824902e+002 -5.475926825948370e+002 2.426592685366584e+003 
	1.770260665626933e+002 2.223102672537994e+002 2.047474734473748e+002 2.449526487866982e+002 2.288947102515031e+002 2.176871603106316e+002 2.016305418601541e+002 1.957150766921836e+002 
	Tag36h11.15
	-2.755535480303403e+000 -1.002878340720770e+000 -6.424231121065548e-002 -1.317170870826761e+003 -7.139559011104963e+002 2.403406282277844e+003 
	5.575105785051700e+002 4.036892939163611e+002 5.874566084074874e+002 4.282180359851196e+002 6.072732926152571e+002 3.979155044169551e+002 5.777196440433344e+002 3.738005474513968e+002 
5
	Tag36h11.4
	-1.462120838146576e+000 1.135486335297721e+000 2.025063004825273e+000 7.868837876534989e+002 -1.562495161546593e+003 5.448179702649409e+002 
	5.283898153573126e+002 7.246204045248916e+001 5.288945757577397e+002 4.157539950688066e+001 4.959240149197623e+002 2.957803008249683e+001 4.972681380631371e+002 5.732552107329961e+001 
	Tag36h11.18
	-2.206827292655992e+000 -8.916042542532182e-001 -1.785615972367619e+000 -2.370181646955469e+003 -1.907388159182804e+003 1.710358954334439e+003 
	1.978876775631740e+002 1.334281440433043e+002 2.090525675905056e+002 1.459905556294073e+002 2.226400082282096e+002 1.322738621907300e+002 2.125240917381538e+002 1.195201146950319e+002 
	Tag36h11.3
	2.639806149472797e+000 9.889390933142510e-001 -1.015115991563186e+000 1.693405776995198e+003 1.239277443931538e+003 2.876243999699117e+003 
	3.429373594363821e+002 2.661327840323763e+002 3.593604687089324e+002 2.797019982651657e+002 3.767930314208447e+002 2.618072841977933e+002 3.595418259060914e+002 2.484458558371675e+002 
	Tag36h11.0
	-2.535573260238901e+000 -9.811117903290427e-001 6.901314952712043e-001 2.212784589189000e+002 -3.508737900313701e+002 2.156918183421856e+003 
	5.028311495013667e+002 4.160979015961382e+002 5.430332463528015e+002 4.505449328634559e+002 5.744787648864276e+002 4.136539860388062e+002 5.332682426431796e+002 3.813064916082722e+002 
	Tag36h11.14
	-1.040084564187497e+000 -8.563387106832372e-001 -1.804002406096522e-001 1.276367140648148e+003 -1.661125812740486e+003 6.045134375695362e+002 
	5.515288030595579e+001 3.975890341691475e+002 7.032025580036569e+001 4.279891199621144e+002 9.981695221995187e+001 4.356364577333984e+002 8.434643249246861e+001 4.072525461700771e+002 
3
	Tag36h11.19
	1.676733772316308e+000 -1.116814858126671e+000 -7.324102542399588e-001 1.405635085135741e+003 6.761293068871543e+002 1.245643511874687e+003 
	3.395214882048249e+002 8.971240985519737e+001 3.604931009337684e+002 6.096265099015513e+001 3.151127174631317e+002 4.785602654262286e+001 2.968494773715236e+002 7.858657451593308e+001 
	Tag36h11.18
	-2.299952283147925e+000 -1.553056442423167e-001 -3.173437601478494e-001 -2.534235010763378e+003 -2.069031294779474e+003 2.933642883494708e+003 
	5.425790813957098e+002 4.151175972052411e+002 5.607189905632730e+002 4.147703269352562e+002 5.562454436241545e+002 3.924323700086762e+002 5.386991133769144e+002 3.924914298699285e+002 
	Tag36h11.13
	-2.859123739046364e+000 -5.822087451785489e-002 -1.821067108416518e-001 1.090873205838479e+003 9.428089231642741e+001 3.465126461320444e+003 
	4.177343445388632e+001 4.175806802106273e+002 7.358267507665059e+001 4.181582536122639e+002 7.775755086528258e+001 3.883404205681620e+002 4.643851788604779e+001 3.875742723310905e+002 
3
	Tag36h11.4
	2.149828810198291e+000 -2.655844306438021e-001 -5.838594543654965e-001 5.482803156487071e+002 1.487243685194381e+003 1.834137588144608e+003 
	4.698979018038531e+002 1.135566571484399e+002 5.102394103665373e+002 1.159061350056735e+002 4.954427614821575e+002 8.400108889205650e+001 4.535889439167843e+002 8.236824597055839e+001 
	Tag36h11.3
	2.831663970426886e+000 9.055569161389527e-001 9.419579019951626e-001 -5.151352255283673e+002 -1.088398849004324e+001 2.672027362815290e+003 
	5.234814828432465e+001 1.855382289140331e+002 8.603760557373690e+001 2.069678520692444e+002 1.077871882716369e+002 1.764897327427384e+002 7.529530595967479e+001 1.541038528043548e+002 
	Tag36h11.0
	2.632716810085382e+000 7.196901688463033e-001 9.949800360192894e-001 -2.100468481225239e+003 5.844820867267601e+002 1.224179006260214e+003 
	3.905270380563807e+002 4.319437735264604e+002 4.087216225930420e+002 4.422438951102959e+002 4.247831121192697e+002 4.104965728664297e+002 4.072015631015875e+002 3.984218568365923e+002 
3
	Tag36h11.4
	2.061669735347873e+000 -3.336303415047699e-001 1.028808547764943e-001 5.711643753789290e+002 1.419770947278537e+003 1.834559619609547e+003 
	1.487631347434191e+002 7.381482772113108e+001 1.916656500617659e+002 6.604402082791687e+001 1.682818458004896e+002 3.773059656769898e+001 1.223987051021022e+002 4.584327245344117e+001 
	Tag36h11.1
	-2.038339171472454e+000 4.827706815198497e-002 7.388413140075121e-001 1.328749690566348e+003 -2.959488116379687e+003 3.008415175676516e+003 
	4.712599413288982e+002 3.864436942091624e+002 4.904429578484419e+002 3.852111627404605e+002 4.875441077189105e+002 3.663883943303381e+002 4.691606141834797e+002 3.679764905762899e+002 
	Tag36h11.0
	2.506116423624418e+000 1.355653480197336e-001 1.637395861932060e+000 -2.054129155410635e+003 9.349329455023367e+002 1.325863653106268e+003 
	2.000824601721877e+002 4.072228601972919e+002 2.180662820523022e+002 4.061090064171859e+002 2.187395468410971e+002 3.702317786600834e+002 2.004189401310804e+002 3.692520739222873e+002 
3
	Tag36h11.1
	-2.000079258041815e+000 -1.478658829258067e+000 -4.047437366905674e-001 2.449268138586908e+003 -1.539026508403111e+003 3.958091344854238e+003 
	6.821113908057620e+001 4.892390213126753e+001 7.219173801859826e+001 6.937686361607554e+001 9.288502394209712e+001 6.762357141746379e+001 8.885424010896509e+001 4.767984328714727e+001 
	Tag36h11.19
	-1.735132386929318e-001 1.921815315618536e+000 3.097866777942425e-001 -9.570959320577688e+002 -1.440352808663557e+002 8.613728213316367e+002 
	5.614467550508712e+002 9.590183792691829e+001 5.050477666073840e+002 9.174318184774549e+001 5.009224691606486e+002 1.661632667099509e+002 5.544286402322753e+002 1.800941185791092e+002 
	Tag36h11.2
	-1.743699690395847e+000 -1.144553259172978e+000 1.152457332476794e+000 2.223526518024898e+003 7.818549961218679e+002 1.426177816764597e+003 
	1.342199071251510e+002 4.375077621789375e+002 1.354459703030833e+002 4.581632059006242e+002 1.730536508565606e+002 4.476720542350017e+002 1.695778674733112e+002 4.275787748649997e+002 
3
	Tag36h11.0
	2.144228677102646e+000 1.206344670485929e-001 1.128147712552980e+000 -2.021530934238511e+003 7.603924679984258e+002 1.512758254749046e+003 
	2.888522286060563e+002 7.512084131242717e+001 3.072307975233947e+002 8.162516794722785e+001 3.170236423239609e+002 4.585014960097955e+001 2.982307573429284e+002 3.696724928958538e+001 
	Tag36h11.1
	2.824109014025353e+000 3.712013319616704e-001 -1.366863470128768e-001 -1.775390773227319e+003 1.600932756620614e+002 4.965568555870706e+003 
	5.739968438381619e+002 1.620369445534212e+002 5.938373888796332e+002 1.675857142272940e+002 6.009941109424105e+002 1.488717487834635e+002 5.809303876540270e+002 1.433004127157220e+002 
	Tag36h11.14
	-1.818368530301740e+000 7.883604251515909e-001 -9.544159704325210e-001 -9.726064246214530e+002 -1.123122798982251e+003 1.268600457166899e+003 
	5.962423632169779e+001 4.629943003891725e+002 1.094578584916787e+002 4.386647530452418e+002 7.342909180637965e+001 4.109931816406651e+002 2.252859004406304e+001 4.318961960101701e+002 
2
	Tag36h11.18
	2.533330855983051e+000 9.492019344113974e-001 5.982254857204007e-001 -2.133376415885555e+003 -1.040398761928255e+003 2.705401745927350e+003 
	5.527179024473012e+002 8.702105865784353e+001 5.687967298675762e+002 1.052969154354442e+002 5.909999577957439e+002 8.647891907594089e+001 5.754368799848710e+002 6.753286127472521e+001 
	Tag36h11.14
	-1.021701474439474e+000 -1.703035673350515e+000 1.940766005721032e-001 1.274426828211023e+003 -5.444419695325280e+002 1.181114302530225e+003 
	1.843968743125641e+002 3.155074758773220e+002 1.692660440421441e+002 3.511216428456256e+002 2.138822676962004e+002 3.804365645384136e+002 2.249940162645266e+002 3.437467272008306e+002 
2
	Tag36h11.17
	2.770884609770747e+000 7.452926081079733e-002 1.413764043951232e+000 -1.798800808705624e+003 8.040152775121587e+001 1.834762989323235e+003 
	2.158712653934191e+002 2.655375926460447e+002 2.419932520974687e+002 2.668526400539497e+002 2.427622085145601e+002 2.311444499028998e+002 2.166025770899082e+002 2.278204411155886e+002 
	Tag36h11.13
	-2.662008322096894e+000 -4.933856853027256e-003 1.013426562891825e+000 1.601093272716371e+003 -9.085425508358171e+002 3.373333254929696e+003 
	4.685744898377271e+002 2.806569898768465e+002 4.926912752007972e+002 2.807338852462018e+002 4.919022234662715e+002 2.563305856097517e+002 4.681404322489468e+002 2.570046293595319e+002 
3
	Tag36h11.19
	8.106972845717604e-001 -2.193898726353999e+000 -1.540325381266345e+000 1.898987202924147e+003 -7.935709842739062e+002 1.310471729324859e+003 
	6.172779704310617e+002 1.021855606466569e+002 5.965070562579795e+002 8.398750855732402e+001 5.529653190503090e+002 1.041968065840142e+002 5.744290277796217e+002 1.204725034816062e+002 
	Tag36h11.2
	-2.756700766073378e+000 -2.023003376578066e-001 -8.503756570902349e-001 -3.724223878722653e+002 -9.701889277020382e+001 2.354369781339695e+003 
	3.065969501615012e+001 3.721017374883607e+002 7.863138386785977e+001 3.759744093654410e+002 8.564292240994635e+001 3.321050581851692e+002 3.903401063825936e+001 3.264012882409041e+002 
	Tag36h11.17
	-2.335937989383925e+000 -2.009520318382778e-001 -7.173226980366954e-001 -1.655045840528291e+003 -1.236796931953052e+003 1.977369422043967e+003 
	3.572076864132887e+002 3.929511148886689e+002 3.819308289935985e+002 3.952237362992200e+002 3.808419246330043e+002 3.632126490395075e+002 3.572299296701169e+002 3.600850587086694e+002 
2
	Tag36h11.16
	2.441878132254890e+000 9.603176581180752e-002 -1.862996274575352e+000 1.493780095358921e+003 9.857773901385075e+001 1.427836610734934e+003 
	5.909756460026176e+002 2.459777358035043e+002 6.283464297139017e+002 2.475039622489626e+002 6.348141147492862e+002 1.919634217736029e+002 5.963414631347869e+002 1.950578451519373e+002 
	Tag36h11.1
	3.121673974200426e+000 1.457824157085614e-001 3.177894105684206e-001 7.887403534490792e+002 3.447232308488670e+002 2.809031211977766e+003 
	1.718716557635129e+001 3.057603543845708e+002 5.552585843205591e+001 3.082906688438191e+002 5.880068409667722e+001 2.726733620415075e+002 2.052646785956433e+001 2.696692185279815e+002 
3
	Tag36h11.15
	-2.743030492094646e+000 1.982715973614928e-001 -1.403346883983316e+000 -1.293499608934902e+003 -5.614085212265558e+002 2.044563236952346e+003 
	7.147417510507202e+001 1.508917262684990e+002 1.082695795987883e+002 1.504765132541406e+002 1.042637620453625e+002 1.096250884321995e+002 6.731229507249020e+001 1.075087733407966e+002 
	Tag36h11.10
	2.578786976571003e+000 6.569068616228484e-002 -5.300943676524251e-001 2.151514288354162e+003 1.406149842098324e+003 2.774094642916813e+003 
	1.883448873029725e+002 1.958831181554452e+002 2.064690135265477e+002 1.956916181179619e+002 2.046512809747688e+002 1.700197874943130e+002 1.860630632101851e+002 1.706726463679487e+002 
	Tag36h11.1
	2.721329660430921e+000 -4.806436913702190e-002 -1.029674737971406e+000 1.228057317132582e+003 4.259362892585453e+002 2.370819126441594e+003 
	4.421979032337898e+002 2.176705321438848e+002 4.753083850383923e+002 2.176188323374055e+002 4.743589564113772e+002 1.828730073422769e+002 4.408272844088882e+002 1.844564572569255e+002 
3
	Tag36h11.5
	-2.321513727043794e+000 1.994218735375707e-001 -1.562533434956252e+000 -1.571265661328142e+003 -1.082176923874015e+003 8.560364108231048e+002 
	1.840084752216781e+002 8.372888674803457e+001 2.142239343934096e+002 9.933969875747707e+001 2.037409290808133e+002 6.221611562899852e+001 1.731368574887116e+002 4.355380468060356e+001 
	Tag36h11.0
	-2.794255018294320e+000 5.434631986471114e-001 6.385671526034356e-001 2.646032476670612e+002 -1.308588998555081e+000 9.123322765823018e+002 
	4.092415553288801e+002 4.386628716994176e+002 5.073188444037301e+002 4.102341697221454e+002 4.651868435188685e+002 3.067700493430814e+002 3.751076289038111e+002 3.406011785951544e+002 
	Tag36h11.3
	-2.847758331181967e+000 5.568838405521586e-001 7.848763180748006e-001 1.959568487780535e+003 -1.908025091066168e+001 1.700533546474693e+003 
	1.574413948860527e+002 4.411861084097791e+002 1.844818047229782e+002 4.314732187005698e+002 1.754877319543519e+002 3.935576946520183e+002 1.491422555064917e+002 4.044268417482688e+002 
5
	Tag36h11.4
	8.801120615323314e-001 -1.797093383133973e+000 -1.334794685022175e+000 9.063320970181946e+002 -1.165791177186963e+003 9.276669000704972e+002 
	1.288680323528321e+002 4.903897371500185e+001 7.887598999464788e+001 2.166475552541341e+001 4.151720231024027e+001 4.996882604110355e+001 9.207529334691405e+001 7.327059822331731e+001 
	Tag36h11.5
	-2.512769723064256e+000 9.731791920640549e-002 -1.441406232747645e+000 -1.802171817129511e+003 -1.010265154185937e+003 8.193419884006200e+002 
	3.263435562441549e+002 7.983804334431665e+001 3.496326472162119e+002 9.483681672061084e+001 3.422896696598877e+002 5.942480341409373e+001 3.187215977435022e+002 4.184374635952776e+001 
	Tag36h11.0
	-2.800615546288376e+000 3.900144263593313e-001 7.748783613416054e-001 1.665020403808579e+002 4.262328750576239e+001 1.148389823212814e+003 
	5.376857904580922e+002 4.173038205252936e+002 6.338374598010429e+002 4.020972266215479e+002 6.025750912198852e+002 3.080026333541863e+002 5.127194482813127e+002 3.294701100373435e+002 
	Tag36h11.3
	-2.818593921492181e+000 4.074194096660603e-001 1.035869899164721e+000 1.950723036834950e+003 1.015139508653795e+002 1.819818174599069e+003 
	2.649785933197431e+002 4.006492839100199e+002 2.906228275738425e+002 3.948065052384684e+002 2.850161839629694e+002 3.596433397708289e+002 2.598617047244576e+002 3.669048945649633e+002 
	Tag36h11.18
	-2.648814561747837e+000 -6.668367725903668e-002 -1.585789448801290e+000 -2.242552386473427e+003 9.761077218666795e+002 3.185588846988997e+003 
	3.191263025769148e+001 4.425782025389992e+002 5.717024167324588e+001 4.381984860272154e+002 5.577454051837847e+001 4.123609041010764e+002 3.042024727826643e+001 4.155683093255088e+002 
2
	Tag36h11.3
	-2.693089317092024e+000 1.618779551333226e-001 9.555622819862636e-001 4.314261367306729e+002 -6.371122630595960e+001 1.426381905950722e+003 
	5.184792709538959e+002 4.126286199915629e+002 5.913785606191744e+002 4.116621210260939e+002 5.808177551213320e+002 3.375954910889172e+002 5.112594303778023e+002 3.439139682158535e+002 
	Tag36h11.18
	-2.538725244028983e+000 -1.483343192535099e-001 -9.474270784048704e-001 -8.175409746941734e+002 -4.912972058458287e+002 2.556159424477035e+003 
	6.640146289532898e+001 4.026900886402873e+002 1.044258932671203e+002 4.044489387192335e+002 1.095516972857569e+002 3.648109081893975e+002 7.295239102898854e+001 3.614738965123793e+002 
2
	Tag36h11.3
	2.804434802853429e+000 1.966882974407442e-001 -1.295889843307043e+000 7.957419385534204e+002 -2.911272765385976e+002 1.450703765951554e+003 
	5.112831972061633e+002 1.350443489410038e+002 5.682354635728173e+002 1.355751260122455e+002 5.760145517174943e+002 7.037576421175166e+001 5.179215308948238e+002 7.516829982828320e+001 
	Tag36h11.18
	-2.936482721489875e+000 3.286169021421635e-002 -1.073442055415240e+000 -1.262573504076374e+003 -7.266052222176096e+002 2.555464215450722e+003 
	1.699027997416297e+002 1.199937145305764e+002 2.004717198055572e+002 1.228231312129888e+002 2.008854784350145e+002 9.001869236061411e+001 1.703961305961886e+002 8.587269178100769e+001 
3
	Tag36h11.19
	-4.866635646364380e-001 -2.113565316754958e+000 -8.039692508052150e-001 8.470514739398668e+002 -9.697527814841890e+002 1.728790819294587e+003 
	1.126882461747958e+002 8.515545566087802e+001 7.155667121310395e+001 1.073057194196152e+002 8.879931944609024e+001 1.490638935568987e+002 1.268423606658269e+002 1.262409802082956e+002 
	Tag36h11.13
	1.844999511064411e+000 -1.541314229381722e+000 -1.647984333141431e+000 2.327089421325245e+003 -6.940876070143884e+002 2.316019054858000e+003 
	5.525927041718473e+002 1.216239509051211e+002 5.594031209957678e+002 9.756537859237221e+001 5.308833339445505e+002 8.951392963827294e+001 5.256450008700069e+002 1.133888191559481e+002 
	Tag36h11.17
	-2.101206859305828e+000 1.068050353951605e+000 -5.022014947025367e-001 -1.225445416804917e+003 -6.640762643074893e+002 2.303664817433205e+003 
	3.521090177483541e+002 4.281163449626885e+002 3.717518175488395e+002 3.998764585873295e+002 3.436348761951293e+002 3.817000436935230e+002 3.233231415301686e+002 4.083523761189278e+002 
2
	Tag36h11.13
	-2.844394718277666e+000 -8.974659978994967e-001 -2.395970274049401e-001 1.627507995738441e+003 -6.304083182210754e+002 3.653472248221043e+003 
	4.474893121323593e+001 7.171720150606222e+001 6.564210817287766e+001 8.710861576375372e+001 8.335878595484917e+001 6.557206280627148e+001 6.275420556943157e+001 5.023113220877621e+001 
	Tag36h11.18
	-2.815633409206178e+000 -9.091234806441764e-001 2.187938991508182e-001 -1.062203905224066e+003 -3.103081133741734e+002 3.321621549542039e+003 
	5.315500836671172e+002 4.261117825895985e+002 5.576270895584114e+002 4.448059392596625e+002 5.742861595466302e+002 4.187202343988608e+002 5.482135333965937e+002 4.004252615084164e+002 
2
	Tag36h11.18
	2.475033082177463e+000 8.735190493616188e-001 1.685509597873826e-001 -1.433851278251813e+003 -3.195039509265566e+002 3.082089588931074e+003 
	5.695368579273235e+002 6.398403279211561e+001 5.907305725913083e+002 8.401543046316817e+001 6.167023376267323e+002 5.984968831232443e+001 5.954192410462003e+002 3.892766807676938e+001 
	Tag36h11.14
	-1.092500138759221e+000 -1.854892805770206e+000 2.874495670603828e-001 8.558160653030968e+002 -9.949248277497321e+001 1.529161918087545e+003 
	6.735548549434753e+001 3.679546870325003e+002 3.344626934742254e+001 4.153748090491175e+002 9.091191135799406e+001 4.474118081674124e+002 1.191836382277666e+002 3.985154258134301e+002 
2
	Tag36h11.13
	-2.058577493469380e+000 -1.986482250126535e+000 1.119131568163620e+000 2.807439986808475e+003 -1.735037173350293e+001 2.501232267790286e+003 
	5.341697693831728e+002 5.911229543507237e+001 5.376169145510967e+002 7.998876828119869e+001 5.645715171717923e+002 7.267345392157908e+001 5.602261335192868e+002 5.161781629108859e+001 
	Tag36h11.14
	2.102053428997245e-001 -2.061707698028482e+000 3.656306261390607e-001 1.154875979969843e+003 3.744846683415665e+001 1.602174871162114e+003 
	8.757452795819117e+001 3.959109295633027e+002 4.104403817950470e+001 3.920519591989028e+002 3.127796864668704e+001 4.529242770327617e+002 8.014131529946511e+001 4.520879972064561e+002 
2
	Tag36h11.16
	2.789755681345634e+000 1.272621696245829e+000 -1.647365884868232e-001 1.156079318967826e+003 -6.741758920506761e+002 4.230803286103625e+003 
	3.411884034845304e+002 6.179664538742745e+001 3.546773372202279e+002 7.391906422545982e+001 3.757566917390104e+002 5.734719847297292e+001 3.621355307213578e+002 4.520292122293925e+001 
	Tag36h11.2
	-2.562562454272594e+000 -1.247040724902477e+000 8.605151837107804e-001 8.832502144323997e+002 -1.795554589635840e+002 2.466773441542505e+003 
	4.579661463077665e+002 2.876605737075041e+002 4.818067796585823e+002 3.144121455136880e+002 5.120846702071484e+002 2.910802692994558e+002 4.869208000073785e+002 2.650268490712958e+002 
2
	Tag36h11.8
	-2.828299673625986e+000 -3.565659782759284e-001 -2.364080639271677e-001 1.191306894985350e+003 -1.423104306932396e+003 2.780415293270184e+003 
	4.684778056137689e+001 7.416375682441023e+001 7.903452585734030e+001 8.492569259543303e+001 8.882571448412065e+001 5.796013976356274e+001 5.725321688710142e+001 4.720042297926563e+001 
	Tag36h11.1
	-2.918550015404968e+000 -3.362910891108107e-001 -4.484102470401498e-001 -2.412621331695951e+002 -3.645229306033308e+002 1.511057183877445e+003 
	2.242911719283949e+002 2.278947200712542e+002 2.823476478226778e+002 2.428654365711962e+002 2.943557320290981e+002 1.875871268032734e+002 2.379428151121058e+002 1.712540750027699e+002 
